37,49
37,48
37,47
37,46
37,45
37,44
37,43
37,42
37,41
37,40
37,39
37,38
37,37
37,36
37,35
27,1
27,3
34,1
34,3
30,1
30,3
26,1
26,3
29,1
29,3
32,1
32,3
0,273
0,270
10,178
10,108
10,218
10,140
10,180
10,66
10,202
10,2
10,3
9,7
9,4
9,6
8,5
8,18
8,12
8,9
8,16
8,17
8,2
8,3
20,3
20,2
20,1
19,3
19,2
19,1
12,3
12,2
12,1
11,29
11,28
11,27
11,26
11,25
11,24
11,23
11,22
11,21
11,20
11,19
11,18
11,17
11,16
11,15
11,14
11,13
11,12
11,11
11,10
11,9
11,8
11,7
11,6
11,5
11,4
11,3
11,2
11,1
11,0
10,311
10,301
10,289
10,286
10,272
10,258
10,245
10,239
10,221
10,205
10,194
10,165
